 &plot nbnd=   8, nks=    91 /
            0.000000  0.000000  0.000000
  -23.330  -11.466   -6.817   -6.817   -0.609    0.127    0.274    0.288
            0.016667  0.000000  0.000000
  -23.325  -11.461   -6.838   -6.828   -0.602    0.134    0.281    0.295
            0.033333  0.000000  0.000000
  -23.310  -11.443   -6.899   -6.861   -0.582    0.154    0.302    0.316
            0.050000  0.000000  0.000000
  -23.285  -11.413   -6.998   -6.916   -0.549    0.188    0.337    0.350
            0.066667  0.000000  0.000000
  -23.251  -11.372   -7.134   -6.991   -0.502    0.236    0.385    0.398
            0.083333  0.000000  0.000000
  -23.206  -11.318   -7.302   -7.087   -0.441    0.298    0.447    0.460
            0.100000  0.000000  0.000000
  -23.152  -11.254   -7.499   -7.203   -0.367    0.373    0.523    0.536
            0.116667  0.000000  0.000000
  -23.088  -11.177   -7.721   -7.337   -0.280    0.462    0.613    0.626
            0.133333  0.000000  0.000000
  -23.014  -11.089   -7.965   -7.489   -0.180    0.564    0.716    0.730
            0.150000  0.000000  0.000000
  -22.930  -10.989   -8.226   -7.658   -0.065    0.680    0.834    0.847
            0.166667  0.000000  0.000000
  -22.837  -10.877   -8.501   -7.841    0.062    0.809    0.965    0.978
            0.183333  0.000000  0.000000
  -22.734  -10.755   -8.787   -8.039    0.203    0.953    1.110    1.123
            0.200000  0.000000  0.000000
  -22.621  -10.621   -9.083   -8.249    0.358    1.109    1.268    1.282
            0.216667  0.000000  0.000000
  -22.498  -10.475   -9.385   -8.470    0.525    1.279    1.441    1.454
            0.233333  0.000000  0.000000
  -22.366  -10.319   -9.691   -8.701    0.707    1.463    1.627    1.640
            0.250000  0.000000  0.000000
  -22.225  -10.152  -10.000   -8.940    0.901    1.660    1.828    1.841
            0.266667  0.000000  0.000000
  -22.074  -10.310   -9.975   -9.186    1.109    1.871    2.042    2.054
            0.283333  0.000000  0.000000
  -21.913  -10.620   -9.787   -9.438    1.330    2.095    2.269    2.285
            0.300000  0.000000  0.000000
  -21.743  -10.929   -9.695   -9.588    1.565    2.332    2.511    2.524
            0.316667  0.000000  0.000000
  -21.564  -11.236   -9.955   -9.380    1.812    2.582    2.766    2.779
            0.333333  0.000000  0.000000
  -21.376  -11.540  -10.218   -9.162    2.073    2.632    2.845    3.036
            0.350000  0.000000  0.000000
  -21.179  -11.841  -10.482   -8.934    2.257    2.347    3.121    3.319
            0.366667  0.000000  0.000000
  -20.973  -12.137  -10.747   -8.698    1.883    2.634    3.409    3.616
            0.383333  0.000000  0.000000
  -20.758  -12.428  -11.011   -8.453    1.511    2.934    3.709    3.926
            0.400000  0.000000  0.000000
  -20.534  -12.715  -11.273   -8.200    1.143    3.247    4.022    4.251
            0.416667  0.000000  0.000000
  -20.303  -12.995  -11.534   -7.940    0.779    3.572    4.345    4.589
            0.433333  0.000000  0.000000
  -20.063  -13.270  -11.791   -7.672    0.420    3.910    4.677    4.941
            0.450000  0.000000  0.000000
  -19.815  -13.538  -12.045   -7.399    0.066    4.261    5.018    5.307
            0.466667  0.000000  0.000000
  -19.560  -13.800  -12.294   -7.120   -0.281    4.623    5.363    5.686
            0.483333  0.000000  0.000000
  -19.298  -14.055  -12.537   -6.836   -0.621    4.997    5.709    6.080
            0.500000  0.000000  0.000000
  -19.029  -14.303  -12.775   -6.549   -0.954    5.382    6.045    6.489
            0.516667  0.000000  0.000000
  -18.754  -14.544  -13.005   -6.259   -1.279    5.777    6.356    6.908
            0.533333  0.000000  0.000000
  -18.474  -14.778  -13.228   -5.968   -1.595    6.182    6.616    7.345
            0.550000  0.000000  0.000000
  -18.190  -15.004  -13.441   -5.677   -1.903    6.594    6.797    7.792
            0.566667  0.000000  0.000000
  -17.904  -15.222  -13.643   -5.387   -2.202    6.887    7.013    8.253
            0.583333  0.000000  0.000000
  -17.618  -15.433  -13.832   -5.101   -2.491    6.905    7.433    8.720
            0.600000  0.000000  0.000000
  -17.334  -15.636  -14.005   -4.820   -2.771    6.881    7.850    9.192
            0.616667  0.000000  0.000000
  -17.058  -15.831  -14.157   -4.547   -3.040    6.840    8.252    9.252
            0.633333  0.000000  0.000000
  -16.797  -16.018  -14.281   -4.282   -3.300    6.801    8.621    9.222
            0.650000  0.000000  0.000000
  -16.562  -16.198  -14.367   -4.028   -3.549    6.772    8.918    9.167
            0.666667  0.000000  0.000000
  -16.369  -16.369  -14.399   -3.788   -3.788    6.762    9.088    9.088
            0.658333  0.014434  0.000000
  -16.532  -16.233  -14.363   -4.016   -3.562    6.773    8.988    9.105
            0.650000  0.028868  0.000000
  -16.687  -16.163  -14.249   -4.233   -3.353    6.810    8.872    9.019
            0.641667  0.043301  0.000000
  -16.833  -16.153  -14.065   -4.439   -3.162    6.872    8.745    8.872
            0.633333  0.057735  0.000000
  -16.972  -16.186  -13.829   -4.634   -2.990    6.959    8.611    8.662
            0.625000  0.072169  0.000000
  -17.102  -16.246  -13.558   -4.817   -2.837    7.069    8.359    8.475
            0.616667  0.086603  0.000000
  -17.223  -16.322  -13.265   -4.989   -2.702    7.198    7.971    8.339
            0.608333  0.101036  0.000000
  -17.337  -16.404  -12.961   -5.150   -2.586    7.342    7.539    8.206
            0.600000  0.115470  0.000000
  -17.442  -16.487  -12.651   -5.299   -2.488    7.092    7.492    8.079
            0.591667  0.129904  0.000000
  -17.539  -16.570  -12.342   -5.436   -2.405    6.643    7.640    7.958
            0.583333  0.144338  0.000000
  -17.627  -16.648  -12.038   -5.562   -2.337    6.203    7.777    7.846
            0.575000  0.158771  0.000000
  -17.707  -16.722  -11.743   -5.676   -2.282    5.780    7.742    7.895
            0.566667  0.173205  0.000000
  -17.779  -16.789  -11.462   -5.778   -2.238    5.380    7.647    7.821
            0.558333  0.187639  0.000000
  -17.842  -16.850  -11.199   -5.868   -2.203    5.009    7.563    7.730
            0.550000  0.202073  0.000000
  -17.897  -16.903  -10.959   -5.946   -2.177    4.673    7.489    7.651
            0.541667  0.216506  0.000000
  -17.943  -16.949  -10.745   -6.012   -2.156    4.377    7.426    7.583
            0.533333  0.230940  0.000000
  -17.981  -16.986  -10.562   -6.066   -2.141    4.126    7.374    7.528
            0.525000  0.245374  0.000000
  -18.011  -17.016  -10.414   -6.109   -2.131    3.925    7.334    7.485
            0.516667  0.259808  0.000000
  -18.032  -17.037  -10.306   -6.139   -2.124    3.779    7.305    7.454
            0.508333  0.274241  0.000000
  -18.045  -17.050  -10.240   -6.157   -2.120    3.689    7.287    7.435
            0.500000  0.288675  0.000000
  -18.049  -17.054  -10.218   -6.163   -2.119    3.659    7.282    7.429
            0.483333  0.279053  0.000000
  -18.166  -16.927  -10.211   -6.207   -2.065    3.662    6.843    7.694
            0.466667  0.269430  0.000000
  -18.421  -16.643  -10.191   -6.331   -1.909    3.672    6.353    7.199
            0.450000  0.259808  0.000000
  -18.719  -16.296  -10.159   -6.519   -1.669    3.688    5.876    6.715
            0.433333  0.250185  0.000000
  -19.026  -15.921  -10.113   -6.753   -1.364    3.709    5.415    6.246
            0.416667  0.240563  0.000000
  -19.332  -15.528  -10.054   -7.016   -1.009    3.735    4.970    5.791
            0.400000  0.230940  0.000000
  -19.632  -15.122   -9.983   -7.297   -0.618    3.763    4.546    5.353
            0.383333  0.221318  0.000000
  -19.923  -14.707   -9.900   -7.586   -0.201    3.777    4.157    4.932
            0.366667  0.211695  0.000000
  -20.205  -14.284   -9.804   -7.877    0.235    3.644    3.937    4.528
            0.350000  0.202073  0.000000
  -20.476  -13.854   -9.697   -8.166    0.686    3.306    3.944    4.141
            0.333333  0.192450  0.000000
  -20.736  -13.418   -9.579   -8.450    1.144    2.952    3.773    3.955
            0.316667  0.182828  0.000000
  -20.984  -12.979   -9.450   -8.726    1.607    2.609    3.424    3.597
            0.300000  0.173205  0.000000
  -21.221  -12.537   -9.311   -8.993    2.065    2.282    3.098    3.257
            0.283333  0.163583  0.000000
  -21.446  -12.094   -9.249   -9.163    1.971    2.471    2.833    2.934
            0.266667  0.153960  0.000000
  -21.659  -11.650   -9.494   -9.006    1.678    2.422    2.631    2.642
            0.250000  0.144338  0.000000
  -21.859  -11.209   -9.726   -8.842    1.402    2.161    2.345    2.358
            0.233333  0.134715  0.000000
  -22.047  -10.771   -9.946   -8.671    1.143    1.904    2.078    2.091
            0.216667  0.125093  0.000000
  -22.223  -10.340  -10.151   -8.496    0.902    1.661    1.830    1.843
            0.200000  0.115470  0.000000
  -22.386  -10.343   -9.917   -8.317    0.679    1.435    1.600    1.613
            0.183333  0.105848  0.000000
  -22.536  -10.520   -9.504   -8.136    0.473    1.227    1.388    1.401
            0.166667  0.096225  0.000000
  -22.673  -10.683   -9.107   -7.957    0.286    1.036    1.195    1.208
            0.150000  0.086603  0.000000
  -22.798  -10.831   -8.727   -7.780    0.116    0.864    1.020    1.033
            0.133333  0.076980  0.000000
  -22.909  -10.963   -8.369   -7.608   -0.036    0.709    0.863    0.877
            0.116667  0.067358  0.000000
  -23.008  -11.081   -8.036   -7.445   -0.171    0.573    0.725    0.739
            0.100000  0.057735  0.000000
  -23.093  -11.183   -7.734   -7.294   -0.287    0.455    0.606    0.619
            0.083333  0.048113  0.000000
  -23.165  -11.269   -7.468   -7.158   -0.385    0.355    0.505    0.518
            0.066667  0.038490  0.000000
  -23.225  -11.340   -7.241   -7.041   -0.466    0.273    0.422    0.435
            0.050000  0.028868  0.000000
  -23.271  -11.395   -7.059   -6.946   -0.529    0.209    0.357    0.371
            0.033333  0.019245  0.000000
  -23.304  -11.435   -6.926   -6.875   -0.573    0.163    0.311    0.325
            0.016667  0.009623  0.000000
  -23.323  -11.459   -6.845   -6.832   -0.600    0.136    0.284    0.297
            0.000000  0.000000  0.000000
  -23.330  -11.466   -6.817   -6.817   -0.609    0.127    0.274    0.288
