 &plot nbnd=   8, nks=    91 /
            0.500000  0.500000  0.500000
   -3.367   -0.730    4.935    4.935    7.456    9.353    9.353   13.678
            0.475000  0.475000  0.475000
   -3.401   -0.681    4.940    4.940    7.461    9.358    9.358   13.685
            0.450000  0.450000  0.450000
   -3.496   -0.541    4.953    4.953    7.477    9.372    9.372   13.707
            0.425000  0.425000  0.425000
   -3.635   -0.327    4.975    4.975    7.502    9.395    9.395   13.740
            0.400000  0.400000  0.400000
   -3.801   -0.055    5.006    5.006    7.538    9.424    9.424   13.779
            0.375000  0.375000  0.375000
   -3.981    0.260    5.046    5.046    7.583    9.457    9.457   13.810
            0.350000  0.350000  0.350000
   -4.166    0.608    5.094    5.094    7.638    9.489    9.489   13.801
            0.325000  0.325000  0.325000
   -4.348    0.983    5.151    5.151    7.702    9.516    9.516   13.691
            0.300000  0.300000  0.300000
   -4.524    1.380    5.216    5.216    7.775    9.531    9.531   13.438
            0.275000  0.275000  0.275000
   -4.691    1.796    5.288    5.288    7.855    9.527    9.527   13.081
            0.250000  0.250000  0.250000
   -4.848    2.227    5.368    5.368    7.943    9.498    9.498   12.674
            0.225000  0.225000  0.225000
   -4.991    2.671    5.455    5.455    8.037    9.441    9.441   12.243
            0.200000  0.200000  0.200000
   -5.122    3.125    5.546    5.546    8.134    9.355    9.355   11.801
            0.175000  0.175000  0.175000
   -5.238    3.586    5.642    5.642    8.234    9.245    9.245   11.353
            0.150000  0.150000  0.150000
   -5.340    4.050    5.739    5.739    8.332    9.118    9.118   10.902
            0.125000  0.125000  0.125000
   -5.426    4.511    5.834    5.834    8.425    8.984    8.984   10.456
            0.100000  0.100000  0.100000
   -5.498    4.960    5.924    5.924    8.508    8.854    8.854   10.023
            0.075000  0.075000  0.075000
   -5.553    5.383    6.004    6.004    8.571    8.738    8.738    9.621
            0.050000  0.050000  0.050000
   -5.593    5.753    6.067    6.067    8.602    8.646    8.646    9.285
            0.025000  0.025000  0.025000
   -5.617    6.021    6.109    6.109    8.586    8.586    8.588    9.071
            0.000000  0.000000  0.000000
   -5.625    6.123    6.123    6.123    8.566    8.566    8.566    9.006
            0.000000  0.033333  0.000000
   -5.620    6.086    6.102    6.102    8.554    8.593    8.593    9.042
            0.000000  0.066667  0.000000
   -5.606    5.983    6.041    6.041    8.519    8.671    8.671    9.143
            0.000000  0.100000  0.000000
   -5.582    5.824    5.947    5.947    8.464    8.794    8.794    9.295
            0.000000  0.133333  0.000000
   -5.549    5.624    5.829    5.829    8.390    8.952    8.952    9.481
            0.000000  0.166667  0.000000
   -5.507    5.395    5.695    5.695    8.300    9.139    9.139    9.684
            0.000000  0.200000  0.000000
   -5.455    5.147    5.550    5.550    8.199    9.347    9.347    9.883
            0.000000  0.233333  0.000000
   -5.394    4.884    5.399    5.399    8.089    9.573    9.573   10.057
            0.000000  0.266667  0.000000
   -5.323    4.611    5.246    5.246    7.974    9.812    9.812   10.178
            0.000000  0.300000  0.000000
   -5.243    4.332    5.093    5.093    7.855   10.061   10.061   10.215
            0.000000  0.333333  0.000000
   -5.154    4.048    4.943    4.943    7.735   10.156   10.319   10.319
            0.000000  0.366667  0.000000
   -5.056    3.761    4.795    4.795    7.616   10.017   10.585   10.585
            0.000000  0.400000  0.000000
   -4.948    3.471    4.653    4.653    7.500    9.825   10.856   10.856
            0.000000  0.433333  0.000000
   -4.832    3.179    4.515    4.515    7.388    9.604   11.133   11.133
            0.000000  0.466667  0.000000
   -4.707    2.887    4.384    4.384    7.281    9.369   11.414   11.414
            0.000000  0.500000  0.000000
   -4.573    2.594    4.259    4.259    7.180    9.130   11.699   11.699
            0.000000  0.533333  0.000000
   -4.430    2.301    4.140    4.140    7.086    8.894   11.987   11.987
            0.000000  0.566667  0.000000
   -4.278    2.008    4.029    4.029    7.000    8.664   12.278   12.278
            0.000000  0.600000  0.000000
   -4.118    1.716    3.926    3.926    6.921    8.443   12.572   12.572
            0.000000  0.633333  0.000000
   -3.950    1.425    3.830    3.830    6.852    8.234   12.868   12.868
            0.000000  0.666667  0.000000
   -3.773    1.135    3.742    3.742    6.792    8.035   13.167   13.167
            0.000000  0.700000  0.000000
   -3.588    0.847    3.662    3.662    6.742    7.850   13.467   13.467
            0.000000  0.733333  0.000000
   -3.396    0.562    3.590    3.590    6.702    7.678   13.769   13.769
            0.000000  0.766667  0.000000
   -3.195    0.279    3.526    3.526    6.672    7.519   14.072   14.072
            0.000000  0.800000  0.000000
   -2.987   -0.001    3.470    3.470    6.653    7.374   14.376   14.376
            0.000000  0.833333  0.000000
   -2.772   -0.278    3.423    3.423    6.646    7.242   14.679   14.679
            0.000000  0.866667  0.000000
   -2.550   -0.550    3.385    3.385    6.649    7.124   14.979   14.979
            0.000000  0.900000  0.000000
   -2.321   -0.819    3.355    3.355    6.665    7.019   15.269   15.269
            0.000000  0.933333  0.000000
   -2.085   -1.083    3.333    3.333    6.693    6.928   15.539   15.539
            0.000000  0.966667  0.000000
   -1.843   -1.342    3.320    3.320    6.732    6.850   15.755   15.755
            0.000000  1.000000  0.000000
   -1.595   -1.595    3.316    3.316    6.785    6.785   15.846   15.846
            0.025000  1.000000  0.025000
   -1.598   -1.589    3.280    3.320    6.790    6.839   15.790   15.813
            0.050000  1.000000  0.050000
   -1.605   -1.572    3.178    3.333    6.804    6.994   15.637   15.717
            0.075000  1.000000  0.075000
   -1.618   -1.543    3.028    3.355    6.829    7.234   15.414   15.571
            0.100000  1.000000  0.100000
   -1.638   -1.503    2.850    3.385    6.862    7.541   15.150   15.388
            0.125000  1.000000  0.125000
   -1.666   -1.451    2.661    3.423    6.906    7.898   14.861   15.179
            0.150000  1.000000  0.150000
   -1.705   -1.387    2.473    3.469    6.959    8.293   14.560   14.953
            0.175000  1.000000  0.175000
   -1.756   -1.312    2.298    3.524    7.021    8.720   14.253   14.717
            0.200000  1.000000  0.200000
   -1.823   -1.226    2.143    3.586    7.092    9.170   13.945   14.476
            0.225000  1.000000  0.225000
   -1.905   -1.128    2.013    3.656    7.171    9.641   13.639   14.232
            0.250000  1.000000  0.250000
   -2.005   -1.019    1.913    3.734    7.259   10.129   13.337   13.911
            0.241667  0.966667  0.241667
   -2.009   -1.020    1.956    3.711    7.234    9.970   13.369   13.727
            0.233333  0.933333  0.233333
   -2.091   -0.947    2.027    3.697    7.222    9.825   13.299   13.506
            0.225000  0.900000  0.225000
   -2.231   -0.814    2.120    3.692    7.221    9.694   13.179   13.286
            0.216667  0.866667  0.216667
   -2.405   -0.644    2.233    3.696    7.231    9.578   13.040   13.067
            0.208333  0.833333  0.208333
   -2.596   -0.451    2.363    3.709    7.253    9.477   12.851   12.892
            0.200000  0.800000  0.200000
   -2.796   -0.241    2.507    3.731    7.284    9.393   12.636   12.742
            0.191667  0.766667  0.191667
   -2.997   -0.018    2.662    3.763    7.324    9.328   12.423   12.592
            0.183333  0.733333  0.183333
   -3.198    0.215    2.828    3.803    7.371    9.283   12.213   12.441
            0.175000  0.700000  0.175000
   -3.396    0.458    3.001    3.853    7.424    9.260   12.005   12.290
            0.166667  0.666667  0.166667
   -3.590    0.709    3.181    3.912    7.480    9.260   11.800   12.138
            0.158333  0.633333  0.158333
   -3.777    0.968    3.366    3.980    7.538    9.285   11.598   11.983
            0.150000  0.600000  0.150000
   -3.958    1.235    3.555    4.057    7.595    9.336   11.400   11.824
            0.141667  0.566667  0.141667
   -4.131    1.508    3.746    4.142    7.652    9.410   11.208   11.658
            0.133333  0.533333  0.133333
   -4.296    1.789    3.939    4.237    7.707    9.506   11.025   11.485
            0.125000  0.500000  0.125000
   -4.453    2.076    4.131    4.339    7.760    9.617   10.854   11.303
            0.116667  0.466667  0.116667
   -4.601    2.370    4.323    4.450    7.814    9.727   10.706   11.111
            0.108333  0.433333  0.108333
   -4.739    2.669    4.512    4.569    7.868    9.811   10.603   10.909
            0.100000  0.400000  0.100000
   -4.868    2.974    4.695    4.698    7.924    9.828   10.574   10.697
            0.091667  0.366667  0.091667
   -4.988    3.283    4.827    4.880    7.983    9.766   10.477   10.619
            0.083333  0.333333  0.083333
   -5.097    3.596    4.966    5.056    8.045    9.652   10.250   10.681
            0.075000  0.300000  0.075000
   -5.197    3.912    5.109    5.225    8.110    9.517   10.021   10.692
            0.066667  0.266667  0.066667
   -5.286    4.229    5.256    5.387    8.177    9.376    9.792   10.603
            0.058333  0.233333  0.058333
   -5.365    4.545    5.404    5.538    8.246    9.235    9.566   10.415
            0.050000  0.200000  0.050000
   -5.434    4.857    5.552    5.677    8.315    9.101    9.348   10.163
            0.041667  0.166667  0.041667
   -5.492    5.160    5.694    5.803    8.381    8.975    9.143    9.886
            0.033333  0.133333  0.033333
   -5.540    5.448    5.828    5.911    8.441    8.859    8.957    9.612
            0.025000  0.100000  0.025000
   -5.577    5.708    5.946    6.001    8.493    8.754    8.798    9.364
            0.016667  0.066667  0.016667
   -5.604    5.923    6.040    6.067    8.532    8.663    8.673    9.169
            0.008333  0.033333  0.008333
   -5.620    6.070    6.101    6.109    8.557    8.593    8.593    9.047
            0.000000  0.000000  0.000000
   -5.625    6.123    6.123    6.123    8.566    8.566    8.566    9.006
